92
92
92
-97
-454
-783
-97
-454
-783
-97
-454
-783
-97
-454
-783
-97
-454
-783
-97
-454
-783
-97
-454
-783
-97
-454
-783
-97
-454
-783
-97
-454
-783
-97
-454
-783
-97
-454
-783
-97
-454
-783
-97
-454
-783
-97
-454
-783
-97
-454
-783
-97
-454
-783
-97
-454
-783
-97
-454
-783
-97
-454
-783
-97
-454
-783
-97
-454
-783
-97
-454
-783
-97
-454
-783
-97
-454
-783
-160
-874
-671
-160
-853
-517
-97
-454
-783
-97
-454
-783
-97
-454
-783
-97
-454
-783
-97
-454
-783
-97
-454
-783
-97
-454
-783
-97
-454
-783
-97
-454
-783
-97
-454
-783
-97
-454
-783
-97
-454
-783
-97
-454
-783
-97
-454
-783
-97
-454
-783
-97
-454
-783
-97
-454
-783
-97
-454
-783
-97
-454
-783
-97
-454
-783
-97
-454
-783
-97
-454
-783
-97
-454
-783
-97
-454
-783
-97
-454
-783
-97
-454
-783
-97
-454
-783
92
92
-167
-657
-468
-174
-468
-776
-167
-433
-853
-160
-853
-839
-97
-454
-769
-160
-650
-825
-153
-559
-440
-153
-692
-846
-160
-699
-468
-146
-853
-447
-139
-657
-517
-174
-475
-762
-160
-748
-559
-160
-734
-440
92
92
-174
-482
-461
-146
-608
-867
-160
-706
-545
-146
-867
-580
-160
-706
-776
-167
-678
-538
-167
-482
-552
-167
-804
-587
-153
-734
-594
-160
-818
-489
-153
-552
-643
-153
-762
-832
-160
-678
-566
-167
-678
-538
-153
-692
-846
-139
-657
-517
-174
-475
-762
-167
-468
-741
-97
-454
-818
-139
-657
-517
-174
-475
-762
-153
-692
-846
-146
-545
-846
-167
-818
-832
-181
-874
-867
-146
-545
-636
-139
-713
-552
-167
-818
-650
-139
-699
-622
-97
-454
-811
-97
-454
-790
-153
-468
-433
-174
-482
-804
-153
-692
-846
-160
-748
-559
-160
-734
-440
-139
-874
-692
-146
-433
-825
722
799
855
792
778
799
701
722
-167
-769
-545
-167
-818
-538
-160
-678
-566
-167
-678
-538
-167
-468
-741
-174
-482
-559
-97
-454
-685
-167
-839
-496
-160
-566
-643
-160
-706
-545
-160
-650
-475
-160
-783
-552
-153
-734
-594
-160
-818
-489
-153
-692
-846
-167
-433
-853
-160
-853
-839
-167
-776
-461
-160
-748
-559
-160
-734
-440
-160
-678
-566
-167
-678
-538
-167
-468
-741
-174
-482
-559
-153
-692
-846
-160
-559
-790
-160
-685
-524
-97
-454
-818
-167
-685
-650
-174
-482
-468
-174
-482
-874
-174
-482
-580
-174
-468
-468
-167
-678
-594
-174
-482
-783
-167
-762
-790
-153
-692
-846
-167
-433
-853
-160
-853
-839
-153
-804
-496
-160
-874
-867
-174
-482
-797
-160
-853
-517
-146
-608
-867
-167
-762
-566
-153
-692
-846
-160
-559
-790
-160
-685
-524
-167
-440
-818
-167
-769
-545
-146
-853
-447
-160
-706
-545
-174
-482
-783
-167
-762
-790
-153
-692
-846
-97
-454
-790
-160
-545
-734
-167
-608
-860
-167
-818
-832
-160
-811
-797
-160
-713
-496
-167
-748
-790
-153
-853
-559
-160
-867
-797
-174
-482
-559
-153
-692
-846
-167
-790
-468
-167
-818
-573
-153
-559
-811
-153
-559
-811
-97
-454
-790
-160
-790
-811
-167
-433
-853
-160
-853
-839
-167
-776
-461
-174
-482
-468
-153
-734
-594
-160
-818
-489
-160
-748
-559
-160
-734
-440
-97
-454
-790
-167
-867
-692
-160
-678
-874
-146
-510
-510
-167
-433
-853
-153
-692
-846
-153
-552
-643
-167
-552
-496
680
687
680
-97
-454
-811
-181
-874
-860
92
92
-153
-734
-594
-160
-818
-489
-167
-678
-594
-146
-433
-685
-167
-839
-615
-160
-748
-559
-160
-734
-440
-167
-699
-594
-160
-713
-496
-167
-839
-818
-139
-874
-811
-160
-797
-587
-97
-454
-769
-146
-552
-440
-153
-447
-552
-174
-482
-874
-174
-482
-580
-167
-433
-853
-160
-853
-839
-97
-454
-818
-167
-769
-545
-174
-461
-615
-167
-440
-818
-139
-692
-769
-160
-846
-769
-97
-454
-790
-160
-545
-734
-167
-608
-860
-139
-692
-440
-146
-433
-825
-181
-874
-867
-174
-482
-797
-139
-685
-594
-174
-468
-832
-181
-874
-867
-167
-685
-664
-167
-552
-496
-146
-489
-545
-174
-482
-804
-181
-874
-867
372
358
365
379
-167
-475
-510
421
-160
-678
-818
365
372
-160
-713
-615
-153
-559
-811
-153
-559
-811
-97
-454
-811
-97
-454
-790
-153
-846
-496
-167
-762
-776
-167
-608
-860
-160
-664
-678
-146
-433
-699
-174
-482
-580
-167
-433
-853
-160
-853
-839
-160
-706
-545
-160
-720
-538
-153
-692
-846
-97
-454
-790
-167
-818
-699
-139
-692
-769
-160
-678
-468
-160
-748
-559
-160
-734
-440
-167
-468
-741
-174
-482
-559
-153
-692
-846
-160
-559
-790
-160
-685
-524
-97
-454
-790
-167
-762
-566
-167
-552
-790
-153
-692
-846
-97
-454
-797
-167
-818
-832
-97
-454
-790
-146
-489
-517
-146
-433
-825
-153
-692
-846
-97
-454
-783
-167
-818
-832
-97
-454
-818
-174
-461
-615
-167
-762
-776
-167
-769
-545
-174
-461
-615
-160
-489
-461
-167
-804
-650
-167
-762
-566
-167
-818
-538
-174
-482
-559
-139
-713
-510
-167
-741
-580
-139
-825
-790
-146
-489
-517
-146
-433
-825
-153
-692
-846
-146
-552
-538
-167
-447
-727
-97
-454
-790
-174
-447
-832
-160
-706
-545
-167
-769
-545
-146
-853
-447
-174
-454
-692
-167
-783
-650
-153
-734
-594
-146
-440
-853
-167
-622
-692
-167
-559
-706
-167
-860
-594
-97
-454
-811
-97
-454
-685
-167
-608
-860
-160
-664
-678
-146
-433
-699
-174
-482
-580
-167
-433
-853
-160
-853
-839
-160
-706
-545
-167
-489
-524
-167
-559
-706
-167
-678
-594
-153
-692
-846
-97
-454
-790
-167
-818
-699
-160
-650
-475
-160
-783
-552
-160
-559
-790
-160
-685
-524
-153
-692
-846
-167
-818
-832
-160
-727
-538
-160
-671
-615
-139
-874
-811
-160
-797
-587
-174
-482
-468
-153
-734
-594
-160
-818
-489
-160
-748
-559
-160
-734
-440
-153
-692
-846
-160
-559
-790
-160
-685
-524
-97
-454
-818
-167
-468
-734
-146
-545
-615
-160
-489
-461
-167
-804
-650
-174
-482
-874
-174
-468
-685
-188
-874
-678
-167
-769
-706
-167
-454
-860
-188
-874
-671
-97
-454
-790
-174
-461
-615
-174
-433
-671
-146
-545
-867
-160
-699
-468
-146
-853
-447
-167
-678
-538
-160
-818
-762
-139
-727
-433
-97
-454
-811
-97
-454
-790
-167
-762
-790
-160
-713
-496
-174
-475
-657
-146
-608
-867
-153
-461
-601
-153
-461
-559
-160
-650
-475
-160
-783
-552
-160
-559
-790
-160
-685
-524
-160
-748
-559
-160
-734
-440
-153
-692
-846
-160
-853
-839
-167
-832
-503
-146
-433
-685
-146
-643
-790
-160
-559
-790
-160
-685
-524
-153
-692
-846
-97
-454
-797
-97
-454
-783
-167
-818
-832
-181
-874
-860
92
92
92
92
-97
-454
-783
-97
-454
-783
-97
-454
-783
-97
-454
-783
-97
-454
-783
-97
-454
-783
-97
-454
-783
-97
-454
-783
-97
-454
-783
-97
-454
-783
-97
-454
-783
-97
-454
-783
-97
-454
-783
-97
-454
-783
-97
-454
-783
-97
-454
-783
-97
-454
-783
-97
-454
-783
-97
-454
-783
-97
-454
-783
-97
-454
-783
-97
-454
-783
-97
-454
-783
-97
-454
-783
-97
-454
-783
-160
-608
-860
-167
-433
-503
-97
-454
-783
-97
-454
-783
-97
-454
-783
-97
-454
-783
-97
-454
-783
-97
-454
-783
-97
-454
-783
-97
-454
-783
-97
-454
-783
-97
-454
-783
-97
-454
-783
-97
-454
-783
-97
-454
-783
-97
-454
-783
-97
-454
-783
-97
-454
-783
-97
-454
-783
-97
-454
-783
-97
-454
-783
-97
-454
-783
-97
-454
-783
-97
-454
-783
-97
-454
-783
-97
-454
-783
-97
-454
-783
-97
-454
-783
-97
-454
-783
92
92
-146
-874
-853
-167
-545
-657
-167
-818
-713
-146
-643
-594
-97
-454
-692
92
-174
-461
-797
-174
-468
-776
-160
-678
-566
-167
-678
-538
-167
-468
-741
-167
-748
-790
-167
-664
-853
-167
-678
-440
-153
-552
-531
-174
-475
-797
-139
-713
-510
-153
-692
-846
-167
-559
-706
-167
-678
-594
-181
-874
-860
92
-153
-734
-594
-160
-818
-489
-167
-769
-545
-146
-853
-447
-146
-608
-867
-167
-818
-650
-139
-699
-622
-153
-692
-846
-139
-657
-517
-174
-475
-762
-97
-454
-790
-174
-475
-657
-146
-552
-482
-174
-454
-692
-139
-874
-811
-160
-797
-587
-167
-839
-818
-174
-482
-783
-167
-818
-650
-139
-699
-622
-167
-804
-650
-167
-839
-615
-167
-818
-538
-146
-874
-853
-167
-545
-657
-167
-818
-713
-146
-643
-594
-174
-482
-559
-167
-832
-783
-153
-461
-699
-174
-482
-874
-160
-566
-643
-160
-678
-468
-174
-454
-692
-97
-454
-790
-153
-734
-594
-160
-818
-489
-167
-769
-545
-174
-461
-615
-139
-692
-769
-160
-846
-769
-153
-454
-720
-146
-440
-755
-146
-874
-853
-167
-545
-657
-167
-818
-713
-146
-643
-594
-167
-832
-839
-167
-552
-475
-97
-454
-790
92
-167
-538
-832
-139
-657
-517
-174
-475
-762
-160
-489
-461
-167
-804
-650
-167
-818
-538
-146
-874
-853
-167
-545
-657
-167
-818
-713
-146
-643
-594
-97
-454
-790
-174
-461
-776
-160
-678
-566
-167
-678
-538
-167
-468
-741
-174
-482
-559
-167
-804
-650
-167
-839
-615
-97
-454
-818
-146
-545
-510
-160
-706
-776
-146
-643
-594
-153
-776
-538
-174
-482
-783
-167
-615
-447
-97
-454
-811
-97
-454
-790
-174
-461
-776
-167
-678
-594
-153
-468
-433
722
799
855
792
778
799
701
722
-167
-804
-650
-167
-839
-615
-97
-454
-818
-146
-545
-510
-160
-706
-776
-146
-643
-594
-153
-776
-538
-167
-615
-447
-97
-454
-811
-97
-454
-790
92
-174
-461
-776
-146
-874
-853
-167
-545
-657
-167
-818
-713
-146
-643
-594
-174
-482
-559
-153
-601
-461
-167
-685
-664
-160
-678
-566
-167
-678
-538
-167
-468
-741
-97
-454
-790
92
-167
-818
-650
-139
-699
-622
-167
-818
-538
-167
-664
-853
-167
-678
-440
-153
-552
-531
-181
-874
-860
92
92
92
92
-97
-454
-783
-97
-454
-783
-97
-454
-783
-97
-454
-783
-97
-454
-783
-97
-454
-783
-97
-454
-783
-97
-454
-783
-97
-454
-783
-97
-454
-783
-97
-454
-783
-97
-454
-783
-97
-454
-783
-97
-454
-783
-97
-454
-783
-97
-454
-783
-97
-454
-783
-97
-454
-783
-97
-454
-783
-97
-454
-783
-97
-454
-783
-97
-454
-783
-97
-454
-783
-97
-454
-783
-97
-454
-783
-153
-559
-720
-153
-727
-615
-97
-454
-783
-97
-454
-783
-97
-454
-783
-97
-454
-783
-97
-454
-783
-97
-454
-783
-97
-454
-783
-97
-454
-783
-97
-454
-783
-97
-454
-783
-97
-454
-783
-97
-454
-783
-97
-454
-783
-97
-454
-783
-97
-454
-783
-97
-454
-783
-97
-454
-783
-97
-454
-783
-97
-454
-783
-97
-454
-783
-97
-454
-783
-97
-454
-783
-97
-454
-783
-97
-454
-783
-97
-454
-783
-97
-454
-783
-97
-454
-783
92
92
-139
-657
-517
-174
-475
-762
-146
-545
-846
-167
-818
-832
-97
-454
-692
92
92
-167
-762
-566
-167
-552
-790
-97
-454
-797
-167
-818
-832
92
-146
-489
-517
-146
-433
-825
-97
-454
-783
-167
-818
-832
-97
-454
-818
-167
-454
-874
-167
-601
-797
-167
-538
-531
-146
-489
-517
-181
-874
-867
-174
-482
-559
-139
-713
-510
-146
-489
-517
-97
-454
-657
-97
-454
-811
92
-139
-825
-783
-167
-622
-783
-160
-748
-559
-160
-734
-440
-97
-454
-797
-167
-818
-832
-97
-454
-818
-97
-454
-797
-153
-692
-846
-167
-769
-545
-146
-853
-447
-146
-608
-867
-160
-685
-510
-167
-622
-692
-97
-454
-811
92
92
-146
-545
-636
-139
-713
-552
-167
-818
-650
-139
-699
-622
-97
-454
-692
-97
-454
-818
-160
-699
-468
-146
-853
-447
-167
-678
-538
-167
-769
-755
-153
-776
-538
-153
-734
-594
-160
-818
-489
-167
-769
-545
-146
-853
-447
-174
-482
-783
-167
-832
-783
-167
-720
-678
-160
-566
-636
-153
-692
-846
-160
-559
-790
-160
-685
-524
-97
-454
-790
-146
-545
-636
-139
-713
-552
-160
-706
-545
-167
-762
-608
-167
-818
-650
-139
-699
-622
-97
-454
-769
-167
-804
-650
-167
-839
-615
-146
-874
-853
-167
-545
-657
-167
-818
-713
-146
-643
-594
-97
-454
-811
92
92
-167
-678
-594
-160
-811
-874
-160
-678
-811
-167
-433
-853
-160
-853
-839
-174
-482
-797
-153
-692
-846
-167
-818
-832
-160
-727
-538
-139
-853
-447
-167
-440
-818
-174
-447
-776
92
-167
-440
-818
-174
-475
-839
-160
-524
-643
-160
-678
-811
-167
-762
-566
-146
-433
-825
92
92
92
